insertion:  [0.0002957591990707442, 0.0010650176991475746, 0.002467706601601094, 0.004571264801779762, 0.007451443400350399, 0.011700472400116268, 0.016581388100166804, 0.022123042301973327, 0.029474870598642157, 0.03636459830013337, 0.042952036196948026, 0.05238593419926474, 0.0629594123995048, 0.0710408463011845, 0.08365840089827543, 0.09488989010133082, 0.11123049910238478, 0.12123787340096896, 0.13711685910093366]
selection:  [0.00013784659968223422, 0.00048454150091856716, 0.0011965719008003362, 0.0023819836002076044, 0.0038910562972887417, 0.005978942701767664, 0.007921383499342483, 0.010475883699837141, 0.013290642300853505, 0.016456726100295783, 0.019961905702075455, 0.023964451601204927, 0.027931020701362285, 0.03241490140062524, 0.0375097731986898, 0.043101534398738296, 0.04794125350163085, 0.05441791880293749, 0.059872665400325785]
bubble:  [0.000507219300197903, 0.0019404227001359685, 0.004847436002455652, 0.009856820898130536, 0.015792427799897268, 0.023797518001811114, 0.033613021501514594, 0.04501702899578959, 0.05732873609813396, 0.07174827799899504, 0.08797965920239222, 0.10374122200009879, 0.1235255171006429, 0.14575164009875152, 0.16943400390155147, 0.19158533390436788, 0.2183987670010538, 0.24414326900150626, 0.2731722403987078]
