quicksort:  [0.0010948165996524039, 0.0022095799999078737, 0.003532359399832785, 0.0049352822999935595, 0.006484006999380653, 0.007667871299781836, 0.008652505799545906, 0.009792321599525167, 0.007750864401168655, 0.008438790398213315, 0.009590479099279037, 0.010392505398340291, 0.011139084699971135, 0.011879014900478069, 0.012694933099555782, 0.013664369799516862, 0.014202932500484166, 0.015445687499595805, 0.0165583140005765]
mergesort:  [0.001547655901958933, 0.003479168299236335, 0.005600887301261537, 0.007698385297408095, 0.010014704199420521, 0.012160525700164727, 0.014928140200208873, 0.016780340401601278, 0.02007120169873815, 0.021918415300751802, 0.024714881299587432, 0.02692030559992418, 0.02964410850108834, 0.0317146547989978, 0.03458129080099752, 0.03639027300087037, 0.03983049739836133, 0.04238202210108284, 0.044811847498931454]
heapsort:  [0.004631925399007741, 0.010719133800739656, 0.01740035270122462, 0.023914635899564017, 0.031391113300196595, 0.03952108480079915, 0.04592839190008817, 0.053525499900570137, 0.061615340499702145, 0.06887287850186112, 0.07683615220012144, 0.08486650889972225, 0.09248107020102907, 0.10067313800027478, 0.10952748629933921, 0.11620276840039878, 0.12340580879972549, 0.13286663420003605, 0.1423793445013871]
