insertion:  [0.0006527816993184387, 0.4052834797010291, 0.6250012182994397, 0.7559802995005157, 0.8268691473014769, 0.8863650722996681, 0.9074403090984561, 0.9308372107989271, 0.9441615855990676, 0.9525176702998579, 0.9545451648009475]
selection:  [0.43412361790105936, 0.4580723493010737, 0.41914752309967296, 0.4268908008976723, 0.4243170812027529, 0.4207361677996232, 0.4204534779972164, 0.42089872710057535, 0.4230338726993068, 0.425385464100691, 0.4210308997993707]
bubble:  [1.3984061598006519, 1.6346200152038364, 1.769268907602236, 1.8501100539011532, 1.886793054098962, 1.874016559300071, 1.910513150699262, 1.9436777987983078, 1.9033101250024629, 1.956653090303007, 1.9118718180034193]
