quicksort:  [0.04802507040963974, 0.041653956669615584, 0.033549110009334984, 0.02727918455027975, 0.01961555543122813, 0.01269526791817043, 0.007453900902182795, 0.004781861661176663, 0.0035903854013304226, 0.002286029179522302, 0.0018779692391399294, 0.0016733821283560245, 0.0014606054680189118, 0.0014108362694969401, 0.0013342246509273536, 0.0012945829078671522, 0.0012299862317740916, 0.0012441108492203057]
mergesort:  [0.002680633718264289, 0.0026759449698147363, 0.0026783958173473366, 0.0026856829796452074, 0.002703032039280515, 0.0027163358373218215, 0.0027528803705354223, 0.0027786004991503434, 0.00278974002081668, 0.002939026246604044, 0.0028096691498649307, 0.0027969379298156127, 0.0027717708417912944, 0.0028043616627110167, 0.002834364949376322, 0.00276608245971147, 0.002760302869719453, 0.002803479109134059]
heapsort:  [0.007840342572308145, 0.007813119179045315, 0.0076672507883631625, 0.007745035401603673, 0.0077091504508280196, 0.007892372910282575, 0.007767572949524038, 0.007811509988969192, 0.007890772128594108, 0.007817902591195889, 0.007693978740717284, 0.007839230409590527, 0.007679509189911187, 0.0075466525010415356, 0.00752237587061245, 0.007537639990623575, 0.007446074581530411, 0.007425731641706079]